data/pFNC/pFNC
objectives  2
criteria  -1 1 
minvalues 30000000000    0.4            
maxvalues 40000000000    1              
Size      : 34
0 32925133507    0.457325       0.394548       
1 32964372956    0.522316       0.381721       
2 32988229305    0.531075       0.36555        
3 33011312528    0.592262       0.372523       
4 33070525698    0.60102        0.356351       
5 33079285746    0.621716       0.366616       
6 33121569303    0.649971       0.343141       
7 33181557480    0.658729       0.326969       
8 33188229709    0.687743       0.363892       
9 33224876873    0.696501       0.347721       
10 33256202927    0.717197       0.357985       
11 33298486484    0.745451       0.33451        
12 33335908655    0.75421        0.318339       
13 33366459702    0.774905       0.328603       
14 33420590519    0.783664       0.312431       
15 33426130400    0.789197       0.231101       
16 33480334591    0.826969       0.226416       
17 33538929724    0.835728       0.210244       
18 33603047581    0.884678       0.22247        
19 33662417721    0.893436       0.206299       
20 33794103719    0.898538       0.219755       
21 33887834721    0.903965       0.216955       
22 33947204861    0.912723       0.200783       
23 34073850802    0.917562       0.195871       
24 34191165000    0.918983       0.19866        
25 34205536800    0.922664       0.209327       
26 34253055420    0.927741       0.182488       
27 34295167873    0.928091       0.206527       
28 34358637942    0.936849       0.190355       
29 34575403290    0.939223       0.177128       
30 34632893775    0.939572       0.201166       
31 34665189918    0.945143       0.188923       
32 34680985812    0.94833        0.184995       
33 34987537788    0.956624       0.183562       
